[0.11098403 0.10133355 0.10989141 ... 0.11284645 0.10715569 0.12662025]
[0.40215708 0.36293458 0.39776786 ... 0.40947507 0.38672583 0.46188989]
[0.60827203 0.56006133 0.60322471 ... 0.61712099 0.5899731  0.67556217]
[0.07589254 0.07016458 0.07513298 ... 0.07682887 0.07346283 0.08473819]
[0.09616685 0.08819286 0.09522556 ... 0.09764636 0.0929492  0.10892946]
[0.07602975 0.07025157 0.07532248 ... 0.07706018 0.07366318 0.08514234]
[0.09418738 0.08645156 0.09324146 ... 0.0955736  0.09101784 0.10645595]
[0.1481273  0.13430036 0.14649221 ... 0.15069846 0.14254155 0.17033988]
[0.26919919 0.2420619  0.2659978  ... 0.27418651 0.25825307 0.31194392]
[0.18332308 0.16550107 0.181223   ... 0.18663856 0.17612856 0.21189308]
[0.59351116 0.54570957 0.58805988 ... 0.60172465 0.57470881 0.65966967]
[0.36986286 0.33316595 0.36579552 ... 0.37682579 0.3554676  0.42657902]
[0.17884529 0.16149474 0.17685592 ... 0.18215515 0.17192046 0.20685375]
[0.66845958 0.62077255 0.66342379 ... 0.67694152 0.65037496 0.73259225]
[0.50893378 0.46334038 0.50388102 ... 0.5172304  0.49114403 0.57526357]
[0.73948642 0.69468472 0.73474618 ... 0.74715767 0.722539   0.79696087]
[0.58347322 0.53602172 0.57773017 ... 0.59119377 0.56430725 0.64865853]
[0.80387206 0.76435575 0.79943577 ... 0.81005875 0.78861422 0.8516912 ]
[0.48541169 0.44092667 0.48045683 ... 0.49354029 0.46800579 0.55079988]
[0.07380207 0.06820852 0.07320125 ... 0.0749196  0.07163001 0.08288345]
[0.41368222 0.37363049 0.40917408 ... 0.42109632 0.3978978  0.47431887]
[0.11148806 0.10181733 0.11033595 ... 0.11326864 0.10756707 0.12696875]
[0.852753   0.81876531 0.84924238 ... 0.85829922 0.84014321 0.89280419]
[0.7734863  0.73100571 0.76906243 ... 0.78072018 0.75756065 0.82681655]
[0.55688937 0.50965126 0.55166168 ... 0.56535074 0.53851381 0.62398503]
[0.04073064 0.03843652 0.04046882 ... 0.04115982 0.03981989 0.04432607]
[0.28376456 0.25515746 0.28037517 ... 0.28898391 0.27220533 0.32859413]
[0.38600678 0.34793005 0.38190072 ... 0.39336555 0.37124383 0.44482899]
[0.14383959 0.13049954 0.14226445 ... 0.1463219  0.1384515  0.16527689]
[0.23798583 0.21418192 0.23509841 ... 0.24226607 0.22826339 0.27551523]
[0.05816135 0.0542337  0.05765982 ... 0.05882697 0.05652433 0.06423596]
[0.575089   0.52724411 0.57012743 ... 0.58404564 0.55695646 0.64322388]
[0.35710652 0.32173432 0.35278191 ... 0.36326427 0.34264948 0.41082739]
[0.51419985 0.46825593 0.50931677 ... 0.52283308 0.49657365 0.58142198]
[0.14616736 0.13261559 0.14447852 ... 0.148561   0.14056881 0.16765762]
[0.14300086 0.12972088 0.14149558 ... 0.14555936 0.1377213  0.16453996]
[0.25131283 0.22597569 0.24842963 ... 0.25613791 0.24124207 0.29174198]
[0.80975126 0.7705342  0.80576949 ... 0.81642498 0.79524735 0.85782961]
[0.01994603 0.0193281  0.01987225 ... 0.02005432 0.01969681 0.02087384]
[0.27570285 0.24771961 0.27270661 ... 0.28127291 0.26484353 0.32064744]
[0.24751518 0.22277893 0.24437249 ... 0.25175512 0.23721579 0.2859852 ]
[0.04049851 0.03824283 0.04021211 ... 0.04087943 0.03956249 0.04394413]
[0.42056088 0.38010246 0.41588343 ... 0.42785597 0.404437   0.48127645]
[0.5449726  0.49810511 0.53972522 ... 0.55331577 0.526636   0.61179097]
[0.3120851  0.28075295 0.30829592 ... 0.31765859 0.29932429 0.36053131]
[0.09287353 0.08526748 0.09196987 ... 0.09427193 0.08979181 0.10501423]
[0.3839016  0.34606899 0.37970149 ... 0.39104136 0.36905393 0.44203426]
[0.19359482 0.17454073 0.1914804  ... 0.19732424 0.18608648 0.22451644]
[0.12428983 0.11326493 0.12282773 ... 0.12610981 0.11961272 0.14148306]
[0.26149892 0.23509419 0.25849226 ... 0.26651318 0.25099934 0.30351306]
[0.77805214 0.73589659 0.77372699 ... 0.78530093 0.76235415 0.83093099]
[0.42597815 0.38506858 0.42137184 ... 0.43351928 0.4098571  0.48758682]
[0.44398677 0.40198017 0.43911772 ... 0.4514939  0.42724829 0.5063675 ]
[0.77303588 0.73051865 0.76860338 ... 0.78027693 0.75709681 0.82642491]
[0.15936131 0.14425697 0.15757734 ... 0.1621678  0.1532561  0.18361365]
[0.69064627 0.64388269 0.68526616 ... 0.69826396 0.67226284 0.75163373]
[0.2480017  0.2229225  0.24530831 ... 0.25300641 0.23825394 0.28855155]
[0.88295705 0.85341221 0.88005003 ... 0.88785374 0.87224393 0.91703412]
[0.04889201 0.0458476  0.04853061 ... 0.04944418 0.0476621  0.05365484]
[0.12550322 0.11420235 0.12424191 ... 0.12771027 0.12104196 0.14389275]
[0.15685728 0.14191797 0.15529324 ... 0.15992288 0.15110137 0.18149688]
[0.28225474 0.25377537 0.27891821 ... 0.28750891 0.27080323 0.32702382]
[0.51816552 0.47235096 0.51284246 ... 0.52613056 0.4999397  0.58385522]
[0.20059722 0.18091792 0.19814312 ... 0.20406093 0.1924673  0.2316398 ]
[0.87277521 0.84153695 0.86978806 ... 0.87810298 0.8615624  0.90932901]
[0.12074731 0.11002144 0.11949083 ... 0.12275616 0.11642998 0.13800403]
[0.63169992 0.58358    0.6265314  ... 0.64026148 0.61325853 0.69763509]
[0.27982262 0.25163295 0.27644618 ... 0.28492055 0.26838345 0.32393832]
[0.49911415 0.45392264 0.49416254 ... 0.50744026 0.48154908 0.56532124]
[0.57419836 0.52655082 0.56897319 ... 0.58273495 0.55573785 0.6413691 ]
[0.46910472 0.42545781 0.46429595 ... 0.47718679 0.45207759 0.53388286]
[0.18897395 0.17039905 0.18698227 ... 0.19271217 0.18175383 0.21936321]
[0.059339   0.05528365 0.05883855 ... 0.06005144 0.05767294 0.06566999]
[0.18496529 0.16686256 0.18299184 ... 0.18856401 0.17788396 0.21449478]
[0.38102525 0.34334931 0.37695845 ... 0.3883081  0.36640594 0.43932659]
[0.54707177 0.50003376 0.54197619 ... 0.55567526 0.52891623 0.61450589]
[0.17258599 0.15603068 0.17054837 ... 0.17554042 0.16577741 0.19887408]
[0.18197126 0.16436648 0.17978507 ... 0.18509004 0.17471293 0.2098454 ]
[0.15485647 0.14031394 0.15305697 ... 0.15743978 0.1488619  0.17794704]
[0.03780875 0.03577994 0.03756983 ... 0.03817663 0.03699276 0.04095528]
[0.25429382 0.22899576 0.25083305 ... 0.25826947 0.24341238 0.29279955]
[0.51872986 0.47270794 0.51367792 ... 0.52713631 0.50084017 0.58548072]
[0.07345927 0.0679324  0.07281668 ... 0.07449137 0.07124192 0.08227263]
[0.0957497  0.08782726 0.09480711 ... 0.09720645 0.09253895 0.10840089]
[0.43046292 0.38923355 0.42584566 ... 0.43809009 0.41425694 0.49250857]
[0.35324117 0.31804193 0.34919334 ... 0.35974654 0.33922807 0.40755049]
[0.5432954  0.49650766 0.53801338 ... 0.55156632 0.52492164 0.60994001]
[0.12376307 0.11269712 0.12246552 ... 0.12583401 0.11930676 0.1415665 ]
[0.4163614  0.37606707 0.41191021 ... 0.42393267 0.40060125 0.4775379 ]
[0.07589185 0.07013231 0.07518045 ... 0.07690904 0.07352296 0.08495314]
[0.52466511 0.4783676  0.51965862 ... 0.53321063 0.50678386 0.59181976]
[0.32581665 0.2928368  0.3224269  ... 0.33251884 0.31323683 0.37840235]
[0.18248217 0.16484235 0.18025974 ... 0.18555359 0.17515458 0.21029671]
[0.2657002  0.2388706  0.26262364 ... 0.27076258 0.25500476 0.30827881]
[0.42394339 0.38326587 0.41921396 ... 0.43123551 0.40769926 0.48482794]
[0.77723815 0.73499243 0.77293116 ... 0.78454674 0.76155321 0.83032353]
[0.6655897  0.61799271 0.66034743 ... 0.67376126 0.64720302 0.72919599]
[0.23563693 0.21199431 0.23291843 ... 0.2401072  0.22619415 0.27340775]
[0.73402728 0.68901137 0.72911119 ... 0.74155606 0.71677313 0.79166537]
[0.4457811  0.40373407 0.44079177 ... 0.45312597 0.42885823 0.5078431 ]
[0.48572693 0.44136901 0.48056865 ... 0.49351808 0.46804706 0.55031185]
[0.26215077 0.23569157 0.25911661 ... 0.26714279 0.25159778 0.30417575]
[0.50547076 0.4599032  0.50061569 ... 0.51404699 0.48797242 0.57240393]
[0.25263587 0.22733437 0.24946858 ... 0.25703642 0.24216868 0.29208477]
[0.17191079 0.15533089 0.17003843 ... 0.175114   0.16533084 0.19878361]
[0.64434391 0.59639744 0.63907462 ... 0.6526781  0.62582718 0.7092811 ]
[0.66320964 0.61523836 0.65841017 ... 0.67211523 0.6453859  0.72854669]
[0.29190973 0.26246484 0.28846569 ... 0.29733488 0.28007399 0.33807731]
[0.26784588 0.24082935 0.26469182 ... 0.27285873 0.25699398 0.31051797]
[0.52873344 0.48226813 0.52373202 ... 0.5373383  0.51083643 0.59606579]
[0.5347665  0.48812153 0.52969828 ... 0.54331896 0.51673463 0.60202528]
[0.32439875 0.29169011 0.32080624 ... 0.33072157 0.31159854 0.37587875]
[0.08535403 0.07855564 0.0845622  ... 0.08662717 0.08262549 0.09623822]
[0.51751254 0.47155265 0.51244454 ... 0.52588179 0.49961705 0.58415624]
[0.67283128 0.62532044 0.66771349 ... 0.68111773 0.65465526 0.73630783]
[0.36866395 0.33225265 0.36432502 ... 0.37514269 0.35394684 0.42406284]
[0.41001663 0.36986743 0.40610353 ... 0.41829137 0.39502576 0.47261419]
[0.22881926 0.20596225 0.22611008 ... 0.23303043 0.21957712 0.26513412]
[0.13627167 0.12379245 0.13479856 ... 0.13859274 0.13122987 0.15632447]
[0.44366192 0.40135708 0.43927159 ... 0.451944   0.42753482 0.50794021]
[0.28974135 0.26052544 0.28629941 ... 0.29509274 0.27796384 0.33550476]
[0.74130663 0.69652783 0.73669188 ... 0.74913481 0.72455715 0.79894857]
[0.33007011 0.2967712  0.32652244 ... 0.33665182 0.31719189 0.3827068 ]
[0.44931038 0.40697417 0.44440112 ... 0.45685848 0.43243718 0.51202463]
[0.37671845 0.33956132 0.37243302 ... 0.38351617 0.36190323 0.43349796]
[0.20584092 0.18559095 0.20329719 ... 0.20937749 0.19745096 0.2376992 ]
[0.31636319 0.28449387 0.31272507 ... 0.3223391  0.30369577 0.36623706]
[0.15614713 0.14138579 0.15444076 ... 0.15894474 0.15023421 0.17997441]
[0.64274822 0.59466812 0.63764416 ... 0.6513551  0.6244384  0.70835775]
[0.0858086  0.07892192 0.08507108 ... 0.08719209 0.08313643 0.09704379]
[0.2369408  0.21317166 0.23418402 ... 0.24140051 0.227415   0.27482854]
[0.46310835 0.41988372 0.45821192 ... 0.47093953 0.44605003 0.5270625 ]
[0.22240476 0.20013737 0.21995196 ... 0.22677453 0.21365765 0.25841645]
[0.14832604 0.13439236 0.14682049 ... 0.1511205  0.14289504 0.17116741]
[0.18810368 0.16968063 0.18603867 ... 0.19168233 0.18081599 0.21795945]
[0.72439939 0.67871583 0.719632   ... 0.73237371 0.70720124 0.78376296]
[0.69071184 0.64367076 0.68571371 ... 0.69893899 0.67283338 0.75301103]
[0.6869164  0.6398772  0.68173289 ... 0.69490503 0.66875873 0.74893558]
[0.3623838  0.32644324 0.35818784 ... 0.36891553 0.34798153 0.41745608]
[0.16688142 0.15086518 0.16508936 ... 0.16999678 0.1605436  0.19290058]
[0.40224232 0.3630425  0.3978084  ... 0.40949163 0.38675689 0.46180541]
[0.46944369 0.42592621 0.46440631 ... 0.47716742 0.45212908 0.5333556 ]
[0.35364855 0.31847473 0.34950584 ... 0.36000503 0.33949938 0.40761037]
[0.05511495 0.05147487 0.05467167 ... 0.05576113 0.0536277  0.06080047]
[0.74335102 0.69863168 0.73883637 ... 0.75128663 0.72676559 0.80103654]
[0.28609721 0.25718362 0.28278772 ... 0.29154126 0.27458481 0.33174303]
[0.63936125 0.59140553 0.63404179 ... 0.64763825 0.62075038 0.70437451]
[0.50607699 0.46069317 0.50091502 ... 0.51415538 0.48817173 0.57183256]
[0.05137125 0.04809507 0.05097212 ... 0.05195219 0.05003368 0.05647532]
[0.48693467 0.44260249 0.48164398 ... 0.49452553 0.46906708 0.55107077]
[0.70747531 0.66123839 0.70230683 ... 0.715152   0.68954578 0.76747189]
[0.09079586 0.08341394 0.08992097 ... 0.09215873 0.08781218 0.10258435]
[0.33227211 0.29888747 0.32851648 ... 0.3385917  0.31909024 0.38441334]
[0.44523807 0.40321643 0.44027033 ... 0.45260167 0.42834567 0.5073238 ]
[0.09105438 0.08365196 0.09016469 ... 0.0924026  0.08804407 0.10283568]
[0.40984132 0.37005552 0.40538274 ... 0.41724259 0.39418853 0.47022849]
[0.37405691 0.33707478 0.36985597 ... 0.38092512 0.35941156 0.43082639]
[0.10355154 0.09482439 0.10241458 ... 0.10501783 0.09987794 0.11719456]
[0.61178108 0.56379634 0.60639361 ... 0.62007214 0.59303614 0.67771959]
[0.2636956  0.23706509 0.26066015 ... 0.26874394 0.25309911 0.30603156]
[0.140438   0.1275777  0.13876504 ... 0.14260779 0.13502585 0.16060594]
[0.44151584 0.39964551 0.43669346 ... 0.44905002 0.42487723 0.50385132]
[0.55476966 0.50753551 0.54962515 ... 0.5633473  0.53650714 0.62214349]
[0.3093131  0.27803384 0.30587898 ... 0.31538194 0.29707057 0.35879227]
[0.6706041  0.62303117 0.66548993 ... 0.67892748 0.65242215 0.73427951]
[0.11378533 0.10384626 0.11261886 ... 0.11564112 0.10978008 0.12975657]
[0.56440807 0.51698086 0.55918105 ... 0.57289957 0.54598351 0.63154975]
[0.39461126 0.35585581 0.39044305 ... 0.40209871 0.3796035  0.45430794]
[0.23800381 0.21407112 0.23530944 ... 0.24261037 0.22852701 0.27640032]
[0.59643987 0.54862496 0.59096424 ... 0.6046116  0.57759861 0.66245018]
[0.48150412 0.43731737 0.47643439 ... 0.48937187 0.46398679 0.5461543 ]
[0.32529631 0.29254704 0.32162856 ... 0.33152531 0.31238111 0.37661046]
[0.65800812 0.61007202 0.65302115 ... 0.66666409 0.63990851 0.7230544 ]
[0.54898146 0.50199446 0.54372663 ... 0.55734083 0.53060938 0.6158465 ]
[0.53580699 0.488994   0.53093317 ... 0.54468069 0.51801597 0.60383039]
[0.16943584 0.15311729 0.16762253 ... 0.17263644 0.16300784 0.1959941 ]
[0.34894412 0.3140112  0.34510713 ... 0.35565935 0.33528458 0.4034596 ]
[0.29848501 0.26832034 0.29507376 ... 0.30420495 0.28652989 0.34605123]
[0.20795567 0.18733044 0.20560467 ... 0.21190041 0.19974583 0.24115541]
[0.2869307  0.25798479 0.28353609 ... 0.29225884 0.27528446 0.33235775]
[0.18857243 0.17026753 0.18624032 ... 0.19171836 0.18092931 0.21732714]
[0.67698588 0.62960093 0.67185024 ... 0.68519255 0.65881743 0.74005799]
[0.34942167 0.31460245 0.34534886 ... 0.35575491 0.33544702 0.40299813]
[0.59228356 0.5443282  0.5870742  ... 0.60088388 0.57379475 0.65935054]
[0.23982811 0.21581693 0.23692699 ... 0.24416663 0.23004506 0.2777133 ]
[0.37495827 0.33786903 0.37080224 ... 0.38192224 0.36034694 0.432036  ]
[0.15156416 0.13739557 0.14980636 ... 0.15407786 0.14572127 0.17405395]
[0.34335253 0.30909641 0.33929794 ... 0.34952623 0.32953614 0.39603473]
[0.49595795 0.4511107  0.49073159 ... 0.50379242 0.47807478 0.56091053]
[0.30844169 0.27746799 0.30468045 ... 0.31393185 0.29580168 0.356339  ]
[0.68840785 0.64146162 0.68315863 ... 0.69628237 0.67019197 0.75008317]
[0.69197944 0.64514728 0.68675411 ... 0.69982947 0.6738176  0.75338294]
[0.37929002 0.34188779 0.3750418  ... 0.3862161  0.36446538 0.43657454]
[0.86799657 0.83596426 0.86501636 ... 0.87358537 0.85661645 0.90580436]
[0.17427977 0.15756739 0.17216107 ... 0.17717824 0.16732657 0.20062221]
[0.01428764 0.01401258 0.01426726 ... 0.01435265 0.01419452 0.01472963]
[0.37932081 0.34184897 0.37516915 ... 0.38641445 0.36462631 0.43702825]
[0.31067587 0.27941432 0.30699959 ... 0.31638799 0.29809108 0.35935374]
[0.20241627 0.1824041  0.20014278 ... 0.20625521 0.19445854 0.23468128]
[0.17801283 0.16084088 0.17590627 ... 0.18108675 0.17096092 0.20528763]
[0.47694478 0.43292695 0.47199558 ... 0.4849466  0.45965058 0.54177646]
[0.56212725 0.51489625 0.55670356 ... 0.5702843  0.54345541 0.6285044 ]
[0.39652242 0.35754461 0.39246086 ... 0.40422422 0.38160252 0.45688317]
[0.25830248 0.23238203 0.25510241 ... 0.26286841 0.24764062 0.29879711]
[0.84467605 0.80945407 0.84124755 ... 0.8507283  0.8319113  0.88687923]
[0.02155611 0.02083174 0.02146312 ... 0.02167403 0.02125439 0.02262838]
[0.44005123 0.39819449 0.43536591 ... 0.44776867 0.42359878 0.5027782 ]
[0.01958989 0.01900018 0.01951283 ... 0.01968345 0.01934218 0.02045469]
[0.0866588  0.079722   0.08584488 ... 0.08795044 0.08386706 0.09775065]
